1 -1.6 7.4
1 -1.7 7.5
1 -1.8 7.6
4 0.8 9.8
4 0.9 9.6
4 0.7 9.9
4 0.9 9.7
1 8.1 3.4
1 7.3 2.3
1 9.1 3.1
1 9.8 1.2
1 8.5 2.7
1 9.7 0.8
1 8.3 2.9
1 9.5 1.5
1 8.7 2.4
1 9.3 1.9
1 8.6 2.6
4 0.4 7.2
4 0.8 9.8
4 -1.5 7.3
4 0.0 7.1
4 0.9 9.6
4 -1.6 7.4
4 0.3 7.2
4 0.7 9.9
4 -1.7 7.5
4 0.5 7.4
4 0.9 9.7
4 -1.8 7.6
1 8.1 3.4
1 7.3 2.3
1 9.1 3.1
1 9.8 1.2
1 8.5 2.7
1 9.7 0.8
1 8.3 2.9
1 9.5 1.5
1 8.7 2.4
1 9.3 1.9
1 8.6 2.6
4 0.4 7.2
4 0.8 9.8
4 -1.5 7.3
4 0.0 7.1
4 0.9 9.6
4 -1.6 7.4
4 0.3 7.2
4 0.7 9.9
4 -1.7 7.5
4 0.5 7.4
4 0.9 9.7
4 -1.8 7.6
1 8.1 3.4
1 7.3 2.3
1 9.1 3.1
1 9.8 1.2
1 8.5 2.7
1 9.7 0.8
1 8.3 2.9
1 9.5 1.5
1 8.7 2.4
1 9.3 1.9
1 8.6 2.6
4 0.4 7.2
4 0.8 9.8
4 -1.5 7.3
4 0.0 7.1
4 0.9 9.6
4 -1.6 7.4
4 0.3 7.2
4 0.7 9.9
4 -1.7 7.5
4 0.5 7.4
4 0.9 9.7
4 -1.8 7.6
